direction 0.854800, 0.087156, 0.511587
position 0.256440, 5.026147, 15.153476
target 0.000000, 2.000000, -10.000000
direction 0.854396, 0.092371, 0.511346
position 0.512759, 5.053858, 15.306879
target 0.000000, 2.000000, -10.000000
position 0.769078, 5.081570, 15.460282
target 0.000000, 2.000000, -10.000000
position 1.025397, 5.109281, 15.613686
target 0.000000, 2.000000, -10.000000
position 1.281716, 5.136992, 15.767089
target 0.000000, 2.000000, -10.000000
direction 0.854257, 0.094108, 0.511262
position 1.537993, 5.165225, 15.920467
target 0.000000, 2.000000, -10.000000
position 1.794270, 5.193458, 16.073847
target 0.000000, 2.000000, -10.000000
position 2.050547, 5.221690, 16.227226
target 0.000000, 2.000000, -10.000000
direction 0.882549, 0.116671, 0.455517
position 2.315311, 5.256691, 16.363882
target 0.000000, 2.000000, -10.000000
direction 0.912087, 0.123601, 0.390921
position 2.588938, 5.293772, 16.481159
target 0.000000, 2.000000, -10.000000
direction 0.931893, 0.123601, 0.341024
position 2.868506, 5.330852, 16.583467
target 0.000000, 2.000000, -10.000000
direction 0.963099, 0.106264, 0.247282
position 3.157435, 5.362731, 16.657652
target 0.000000, 2.000000, -10.000000
direction 0.981209, 0.085417, 0.173014
position 3.451798, 5.388357, 16.709557
target 0.000000, 2.000000, -10.000000
direction 0.991163, 0.074979, 0.109425
direction 0.993176, 0.071497, 0.092134
position 3.749751, 5.409806, 16.737196
target 0.000000, 2.000000, -10.000000
direction 0.997534, 0.062791, 0.031349
position 4.049011, 5.428643, 16.746601
target 0.000000, 2.000000, -10.000000
direction 0.998044, 0.054079, -0.031365
position 4.348424, 5.444866, 16.737192
target 0.000000, 2.000000, -10.000000
direction 0.994123, 0.047106, -0.097475
position 4.646661, 5.458998, 16.707951
target 0.000000, 2.000000, -10.000000
direction 0.991230, 0.047106, -0.123464
direction 0.988174, 0.047106, -0.145921
position 4.943113, 5.473130, 16.664175
target 0.000000, 2.000000, -10.000000
direction 0.985872, 0.050593, -0.159676
direction 0.981816, 0.054079, -0.181969
position 5.237658, 5.489354, 16.609585
target 0.000000, 2.000000, -10.000000
direction 0.981081, 0.055822, -0.185377
direction 0.980756, 0.055822, -0.187089
position 5.531885, 5.506100, 16.553457
target 0.000000, 2.000000, -10.000000
direction 0.980428, 0.055822, -0.188801
position 5.826013, 5.522847, 16.496817
target 0.000000, 2.000000, -10.000000
position 6.120142, 5.539593, 16.440176
target 0.000000, 2.000000, -10.000000
position 6.414270, 5.556340, 16.383535
target 0.000000, 2.000000, -10.000000
position 6.708398, 5.573086, 16.326895
target 0.000000, 2.000000, -10.000000
position 7.002527, 5.589833, 16.270254
target 0.000000, 2.000000, -10.000000
position 7.296655, 5.606579, 16.213614
target 0.000000, 2.000000, -10.000000
position 7.590784, 5.623326, 16.156973
target 0.000000, 2.000000, -10.000000
position 7.884912, 5.640072, 16.100332
target 0.000000, 2.000000, -10.000000
position 8.179040, 5.656819, 16.043692
target 0.000000, 2.000000, -10.000000
position 8.473168, 5.673565, 15.987051
target 0.000000, 2.000000, -10.000000
position 8.767297, 5.690312, 15.930410
target 0.000000, 2.000000, -10.000000
position 9.061425, 5.707058, 15.873770
target 0.000000, 2.000000, -10.000000
position 9.355554, 5.723805, 15.817129
target 0.000000, 2.000000, -10.000000
position 9.649682, 5.740551, 15.760489
target 0.000000, 2.000000, -10.000000
position 9.943810, 5.757298, 15.703848
target 0.000000, 2.000000, -10.000000
direction 0.982038, 0.055822, -0.180238
position 10.238421, 5.774045, 15.649776
target 0.000000, 2.000000, -10.000000
direction 0.985990, 0.041876, -0.161462
direction 0.992710, 0.022687, -0.118374
position 10.536235, 5.780851, 15.614264
target 0.000000, 2.000000, -10.000000
direction 0.997732, 0.019197, -0.064520
position 10.835554, 5.786610, 15.594909
target 0.000000, 2.000000, -10.000000
direction 0.999079, 0.019197, -0.038381
direction 0.999663, 0.019197, 0.017449
position 11.135453, 5.792369, 15.600143
target 0.000000, 2.000000, -10.000000
direction 0.998097, 0.029666, 0.054055
direction 0.980701, 0.050593, 0.188853
position 11.429664, 5.807547, 15.656799
target 0.000000, 2.000000, -10.000000
direction 0.957314, 0.064532, 0.281753
position 11.716858, 5.826907, 15.741325
target 0.000000, 2.000000, -10.000000
direction 0.951620, 0.066274, 0.300045
direction 0.950567, 0.066274, 0.303365
position 12.002028, 5.846789, 15.832335
target 0.000000, 2.000000, -10.000000
direction 0.948966, 0.066274, 0.308338
position 12.286718, 5.866671, 15.924836
target 0.000000, 2.000000, -10.000000
direction 0.947227, 0.068015, 0.313265
position 12.570887, 5.887076, 16.018816
target 0.000000, 2.000000, -10.000000
position 12.855055, 5.907481, 16.112795
target 0.000000, 2.000000, -10.000000
direction 0.946448, 0.071497, 0.314841
direction 0.944544, 0.074979, 0.319710
position 13.138418, 5.929975, 16.208708
target 0.000000, 2.000000, -10.000000
direction 0.942036, 0.078459, 0.326209
direction 0.940184, 0.080199, 0.331091
position 13.420473, 5.954034, 16.308035
target 0.000000, 2.000000, -10.000000
direction 0.935063, 0.085417, 0.344036
direction 0.934320, 0.087156, 0.345615
position 13.700769, 5.980181, 16.411720
target 0.000000, 2.000000, -10.000000
direction 0.932817, 0.090633, 0.348766
direction 0.932207, 0.090633, 0.350394
position 13.980432, 6.007371, 16.516838
target 0.000000, 2.000000, -10.000000
direction 0.932058, 0.092371, 0.350337
direction 0.931905, 0.094108, 0.350280
position 14.260003, 6.035604, 16.621922
target 0.000000, 2.000000, -10.000000
direction 0.931750, 0.095846, 0.350222
direction 0.931592, 0.097583, 0.350162
position 14.539481, 6.064878, 16.726971
target 0.000000, 2.000000, -10.000000
direction 0.931101, 0.102793, 0.349978
position 14.818811, 6.095716, 16.831964
target 0.000000, 2.000000, -10.000000
direction 0.930932, 0.104528, 0.349914
direction 0.932225, 0.109734, 0.344840
position 15.098479, 6.128636, 16.935417
target 0.000000, 2.000000, -10.000000
direction 0.934057, 0.114937, 0.338124
direction 0.935624, 0.116671, 0.333161
position 15.379167, 6.163638, 17.035366
target 0.000000, 2.000000, -10.000000
direction 0.937733, 0.118404, 0.326553
position 15.660486, 6.199159, 17.133331
target 0.000000, 2.000000, -10.000000
direction 0.937905, 0.121869, 0.324779
direction 0.938471, 0.121869, 0.323141
position 15.942027, 6.235720, 17.230274
target 0.000000, 2.000000, -10.000000
position 16.223568, 6.272281, 17.327217
target 0.000000, 2.000000, -10.000000
direction 0.939593, 0.121869, 0.319864
direction 0.940150, 0.121869, 0.318223
position 16.505613, 6.308842, 17.422684
target 0.000000, 2.000000, -10.000000
position 16.787659, 6.345403, 17.518150
target 0.000000, 2.000000, -10.000000
position 17.069704, 6.381964, 17.613617
target 0.000000, 2.000000, -10.000000
position 17.351749, 6.418525, 17.709084
target 0.000000, 2.000000, -10.000000
direction 0.942891, 0.121869, 0.310007
position 17.634617, 6.455086, 17.802086
target 0.000000, 2.000000, -10.000000
direction 0.953136, 0.121869, 0.276911
position 17.920557, 6.491647, 17.885159
target 0.000000, 2.000000, -10.000000
direction 0.955983, 0.121869, 0.266915
direction 0.957368, 0.121869, 0.261906
position 18.207767, 6.528208, 17.963730
target 0.000000, 2.000000, -10.000000
direction 0.959617, 0.121869, 0.253542
position 18.495653, 6.564769, 18.039793
target 0.000000, 2.000000, -10.000000
direction 0.961363, 0.121869, 0.246836
direction 0.962424, 0.120137, 0.243531
position 18.784380, 6.600810, 18.112852
target 0.000000, 2.000000, -10.000000
direction 0.965530, 0.118404, 0.231803
direction 0.965933, 0.118404, 0.230118
position 19.074160, 6.636331, 18.181887
target 0.000000, 2.000000, -10.000000
direction 0.967127, 0.114937, 0.226837
direction 0.967521, 0.114937, 0.225149
position 19.364416, 6.670812, 18.249432
target 0.000000, 2.000000, -10.000000
direction 0.968495, 0.113203, 0.221815
direction 0.969264, 0.113203, 0.218433
position 19.655195, 6.704773, 18.314962
target 0.000000, 2.000000, -10.000000
direction 0.971145, 0.109734, 0.211744
direction 0.972241, 0.109734, 0.206656
position 19.946867, 6.737693, 18.376959
target 0.000000, 2.000000, -10.000000
direction 0.974351, 0.109734, 0.196464
direction 0.975553, 0.107999, 0.191396
position 20.239532, 6.770093, 18.434378
target 0.000000, 2.000000, -10.000000
direction 0.977504, 0.107999, 0.181170
direction 0.978314, 0.106264, 0.177790
position 20.533028, 6.801972, 18.487715
target 0.000000, 2.000000, -10.000000
direction 0.978623, 0.106264, 0.176082
direction 0.978929, 0.106264, 0.174374
position 20.826706, 6.833852, 18.540028
target 0.000000, 2.000000, -10.000000
direction 0.979532, 0.106264, 0.170956
direction 0.979828, 0.106264, 0.169246
position 21.120655, 6.865731, 18.590801
target 0.000000, 2.000000, -10.000000
direction 0.980413, 0.106264, 0.165824
direction 0.980802, 0.107999, 0.162371
position 21.414896, 6.898131, 18.639513
target 0.000000, 2.000000, -10.000000
direction 0.982070, 0.111469, 0.152032
direction 0.982716, 0.114937, 0.145115
direction 0.983262, 0.116671, 0.139939
position 21.709875, 6.933132, 18.681494
target 0.000000, 2.000000, -10.000000
direction 0.984243, 0.118404, 0.131326
direction 0.985555, 0.123601, 0.115776
position 22.005541, 6.970212, 18.716227
target 0.000000, 2.000000, -10.000000
direction 0.986418, 0.128796, 0.101936
direction 0.987593, 0.132256, 0.084666
position 22.301819, 7.009890, 18.741627
target 0.000000, 2.000000, -10.000000
direction 0.988023, 0.132256, 0.079494
direction 0.988569, 0.133986, 0.069127
position 22.598389, 7.050086, 18.762365
target 0.000000, 2.000000, -10.000000
direction 0.988570, 0.135716, 0.065661
position 22.894960, 7.090800, 18.782064
target 0.000000, 2.000000, -10.000000
direction 0.988683, 0.135716, 0.063935
position 23.191565, 7.131515, 18.801245
target 0.000000, 2.000000, -10.000000
position 23.488169, 7.172230, 18.820425
target 0.000000, 2.000000, -10.000000
direction 0.988900, 0.135716, 0.060484
position 23.784840, 7.212945, 18.838570
target 0.000000, 2.000000, -10.000000
direction 0.988525, 0.139173, 0.058729
direction 0.988254, 0.146083, 0.044876
position 24.081316, 7.256769, 18.852032
target 0.000000, 2.000000, -10.000000
direction 0.988277, 0.151261, 0.020701
position 24.377800, 7.302147, 18.858242
target 0.000000, 2.000000, -10.000000
direction 0.987040, 0.159881, -0.013783
position 24.673912, 7.350112, 18.854107
target 0.000000, 2.000000, -10.000000
direction 0.984353, 0.168489, -0.051588
direction 0.983354, 0.170209, -0.063591
position 24.968918, 7.401175, 18.835030
target 0.000000, 2.000000, -10.000000
direction 0.978183, 0.180519, -0.102811
position 25.262373, 7.455331, 18.804186
target 0.000000, 2.000000, -10.000000
direction 0.973753, 0.185667, -0.131657
direction 0.972072, 0.185667, -0.143543
position 25.553995, 7.511031, 18.761124
target 0.000000, 2.000000, -10.000000
direction 0.967660, 0.187381, -0.168884
direction 0.965525, 0.187381, -0.180693
position 25.843653, 7.567245, 18.706915
target 0.000000, 2.000000, -10.000000
direction 0.951427, 0.187381, -0.244285
direction 0.944235, 0.187381, -0.270755
position 26.126923, 7.623459, 18.625689
target 0.000000, 2.000000, -10.000000
direction 0.917649, 0.183951, -0.352253
direction 0.892709, 0.177085, -0.414382
position 26.394735, 7.676585, 18.501373
target 0.000000, 2.000000, -10.000000
direction 0.844171, 0.154710, -0.513264
direction 0.770319, 0.132256, -0.623792
position 26.625832, 7.716262, 18.314236
target 0.000000, 2.000000, -10.000000
direction 0.717731, 0.120137, -0.685879
direction 0.580855, 0.095846, -0.808345
direction 0.311935, 0.050593, -0.948755
direction -0.067978, 0.033155, -0.997136
direction -0.182076, 0.041876, -0.982392
direction -0.192393, 0.036644, -0.980634
direction -0.187243, 0.038388, -0.981563
direction -0.194049, 0.043619, -0.980022
direction -0.251829, 0.043619, -0.966788
direction -0.312038, 0.043619, -0.949068
direction -0.439906, 0.012217, -0.897961
direction -0.467790, -0.024432, -0.883502
direction -0.498526, -0.076719, -0.863473
direction -0.508546, -0.116671, -0.853094
direction -0.510314, -0.154710, -0.845957
direction -0.514477, -0.228351, -0.826541
direction -0.490446, -0.287360, -0.822731
direction -0.462649, -0.317305, -0.827813
direction -0.453787, -0.327218, -0.828858
direction -0.436852, -0.350207, -0.828562
direction -0.413708, -0.374607, -0.829769
direction -0.371565, -0.414693, -0.830644
direction -0.347702, -0.441506, -0.827149
direction -0.321029, -0.467930, -0.823397
direction -0.300288, -0.478692, -0.825034
direction -0.255832, -0.501511, -0.826460
direction -0.250735, -0.506034, -0.825265
direction -0.223061, -0.516533, -0.826702
direction -0.182896, -0.523986, -0.831858
direction -0.126951, -0.528438, -0.839426
direction 0.001461, -0.547563, -0.836763
direction 0.151435, -0.556296, -0.817070
direction 0.336273, -0.557745, -0.758842
direction 0.462935, -0.557745, -0.688920
direction 0.596476, -0.550481, -0.584112
direction 0.656685, -0.532876, -0.533673
direction 0.712375, -0.516533, -0.475095
direction 0.733836, -0.506034, -0.453226
direction 0.745992, -0.490904, -0.450011
direction 0.755775, -0.480223, -0.445185
direction 0.762565, -0.475624, -0.438494
direction 0.770059, -0.472551, -0.428609
direction 0.785308, -0.469471, -0.403593
direction 0.792966, -0.467930, -0.390188
direction 0.807786, -0.461749, -0.366428
direction 0.826386, -0.457098, -0.328859
direction 0.833838, -0.455545, -0.311759
direction 0.836204, -0.453990, -0.307663
direction 0.837482, -0.452435, -0.306475
position 26.877077, 7.580532, 18.222294
target 0.000000, 2.000000, -10.000000
position 27.128323, 7.444801, 18.130352
target 0.000000, 2.000000, -10.000000
position 27.379568, 7.309071, 18.038410
target 0.000000, 2.000000, -10.000000
position 27.630814, 7.173341, 17.946468
target 0.000000, 2.000000, -10.000000
position 27.882059, 7.037611, 17.854527
target 0.000000, 2.000000, -10.000000
position 28.133305, 6.901880, 17.762585
target 0.000000, 2.000000, -10.000000
position 28.384550, 6.766150, 17.670643
target 0.000000, 2.000000, -10.000000
position 28.635796, 6.630420, 17.578701
target 0.000000, 2.000000, -10.000000
position 28.887041, 6.494689, 17.486759
target 0.000000, 2.000000, -10.000000
direction 0.843333, -0.439939, -0.308616
position 29.140041, 6.362708, 17.394175
target 0.000000, 2.000000, -10.000000
direction 0.849019, -0.427358, -0.310697
position 29.394747, 6.234500, 17.300966
target 0.000000, 2.000000, -10.000000
direction 0.855894, -0.411514, -0.313212
position 29.651514, 6.111046, 17.207003
target 0.000000, 2.000000, -10.000000
direction 0.861858, -0.397148, -0.315395
position 29.910072, 5.991902, 17.112385
target 0.000000, 2.000000, -10.000000
direction 0.867610, -0.382683, -0.317500
position 30.170355, 5.877097, 17.017136
target 0.000000, 2.000000, -10.000000
direction 0.879048, -0.351842, -0.321686
position 30.434069, 5.771544, 16.920630
target 0.000000, 2.000000, -10.000000
direction 0.889103, -0.328867, -0.318345
position 30.700800, 5.672884, 16.825127
target 0.000000, 2.000000, -10.000000
direction 0.914150, -0.255446, -0.314767
position 30.975044, 5.596250, 16.730696
target 0.000000, 2.000000, -10.000000
direction 0.930190, -0.185667, -0.316662
position 31.254101, 5.540550, 16.635696
target 0.000000, 2.000000, -10.000000
direction 0.932688, -0.121869, -0.339471
direction 0.933522, -0.102792, -0.343469
position 31.534157, 5.509713, 16.532656
target 0.000000, 2.000000, -10.000000
direction 0.930328, -0.054079, -0.362720
position 31.813255, 5.493489, 16.423840
target 0.000000, 2.000000, -10.000000
direction 0.925756, -0.015707, -0.377794
position 32.090981, 5.488777, 16.310501
target 0.000000, 2.000000, -10.000000
direction 0.922469, 0.012217, -0.385877
direction 0.922448, 0.013962, -0.385868
position 32.367714, 5.492966, 16.194740
target 0.000000, 2.000000, -10.000000
direction 0.920911, 0.024432, -0.389008
direction 0.920826, 0.027922, -0.388972
position 32.643963, 5.501342, 16.078049
target 0.000000, 2.000000, -10.000000
direction 0.919081, 0.040132, -0.392021
position 32.919685, 5.513382, 15.960443
target 0.000000, 2.000000, -10.000000
direction 0.918946, 0.043619, -0.391964
direction 0.918875, 0.045363, -0.391933
position 33.195347, 5.526991, 15.842863
target 0.000000, 2.000000, -10.000000
direction 0.917188, 0.052336, -0.395003
direction 0.916233, 0.057564, -0.396489
position 33.470215, 5.544260, 15.723916
target 0.000000, 2.000000, -10.000000
direction 0.916139, 0.059306, -0.396449
direction 0.915149, 0.064532, -0.397918
position 33.744759, 5.563620, 15.604541
target 0.000000, 2.000000, -10.000000
direction 0.913432, 0.069757, -0.400969
direction 0.912384, 0.074979, -0.402409
position 34.018475, 5.586113, 15.483818
target 0.000000, 2.000000, -10.000000
direction 0.910729, 0.078459, -0.405483
direction 0.909053, 0.081939, -0.408545
direction 0.908207, 0.083678, -0.410071
position 34.290936, 5.611217, 15.360797
target 0.000000, 2.000000, -10.000000
direction 0.905776, 0.087156, -0.414697
position 34.562668, 5.637364, 15.236388
target 0.000000, 2.000000, -10.000000
direction 0.905051, 0.087156, -0.416277
direction 0.902123, 0.087156, -0.422585
direction 0.895712, 0.092371, -0.434934
direction 0.890038, 0.095846, -0.445698
direction 0.884224, 0.099320, -0.456382
direction 0.872848, 0.107999, -0.475892
direction 0.869169, 0.111469, -0.481788
direction 0.866464, 0.113203, -0.486237
position 34.822605, 5.671325, 15.090517
target 0.000000, 2.000000, -10.000000
position 35.082542, 5.705286, 14.944646
target 0.000000, 2.000000, -10.000000
position 35.342480, 5.739246, 14.798775
target 0.000000, 2.000000, -10.000000
position 35.602417, 5.773207, 14.652904
target 0.000000, 2.000000, -10.000000
direction 0.866635, 0.111469, -0.486332
position 35.862408, 5.806648, 14.507004
target 0.000000, 2.000000, -10.000000
direction 0.872848, 0.107999, -0.475892
position 36.124264, 5.839047, 14.364236
target 0.000000, 2.000000, -10.000000
direction 0.885795, 0.107999, -0.451335
position 36.390003, 5.871447, 14.228835
target 0.000000, 2.000000, -10.000000
position 36.655743, 5.903847, 14.093434
target 0.000000, 2.000000, -10.000000
direction 0.881132, 0.114937, -0.458688
direction 0.866690, 0.127065, -0.482393
direction 0.827262, 0.142629, -0.543410
direction 0.791936, 0.147809, -0.592444
direction 0.748680, 0.147809, -0.646243
direction 0.693210, 0.147809, -0.705416
direction 0.616150, 0.142629, -0.774607
direction 0.503647, 0.123602, -0.855022
direction 0.317746, 0.087156, -0.944162
direction 0.166402, 0.066274, -0.983828
direction 0.020924, 0.041876, -0.998904
direction -0.102757, 0.026177, -0.994362
direction -0.152933, 0.026177, -0.987890
direction -0.189031, 0.026177, -0.981622
direction -0.211252, 0.026177, -0.977081
direction -0.219771, 0.026177, -0.975200
direction -0.236746, 0.027922, -0.971170
direction -0.255333, 0.029666, -0.966398
direction -0.265425, 0.031411, -0.963620
direction -0.293895, 0.031411, -0.955321
direction -0.320455, 0.031411, -0.946743
direction -0.354931, 0.031411, -0.934364
direction -0.392143, 0.031411, -0.919368
direction -0.439722, 0.031411, -0.897584
direction -0.461521, 0.031411, -0.886573
direction -0.489141, 0.031411, -0.871639
direction -0.505784, 0.031411, -0.862088
direction -0.511790, 0.031411, -0.858536
direction -0.523782, 0.027922, -0.851395
direction -0.526775, 0.026177, -0.849602
position 36.813774, 5.895994, 14.348315
target 0.000000, 2.000000, -10.000000
direction -0.532717, 0.024432, -0.845941
position 36.973591, 5.888664, 14.602098
target 0.000000, 2.000000, -10.000000
direction -0.534215, 0.022687, -0.845044
position 37.133854, 5.881858, 14.855611
target 0.000000, 2.000000, -10.000000
direction -0.534254, 0.019197, -0.845106
position 37.294128, 5.876099, 15.109142
target 0.000000, 2.000000, -10.000000
direction -0.534300, 0.013962, -0.845179
position 37.454418, 5.871910, 15.362696
target 0.000000, 2.000000, -10.000000
direction -0.534332, 0.008727, -0.845230
position 37.614719, 5.869292, 15.616264
target 0.000000, 2.000000, -10.000000
direction -0.534349, 0.003491, -0.845257
position 37.775024, 5.868245, 15.869842
target 0.000000, 2.000000, -10.000000
direction -0.534352, -0.001745, -0.845261
position 37.935329, 5.868769, 16.123419
target 0.000000, 2.000000, -10.000000
direction -0.532863, -0.006981, -0.846173
direction -0.532847, -0.010472, -0.846147
position 38.095184, 5.871910, 16.377262
target 0.000000, 2.000000, -10.000000
direction -0.532824, -0.013962, -0.846111
position 38.255032, 5.876099, 16.631096
target 0.000000, 2.000000, -10.000000
direction -0.531301, -0.019197, -0.846966
position 38.414421, 5.881858, 16.885185
target 0.000000, 2.000000, -10.000000
direction -0.531136, -0.031411, -0.846704
position 38.573761, 5.891281, 17.139196
target 0.000000, 2.000000, -10.000000
direction -0.530932, -0.041876, -0.846379
position 38.733040, 5.903844, 17.393110
target 0.000000, 2.000000, -10.000000
direction -0.536612, -0.050593, -0.842311
position 38.894024, 5.919022, 17.645803
target 0.000000, 2.000000, -10.000000
direction -0.551076, -0.055821, -0.832586
position 39.059345, 5.935768, 17.895578
target 0.000000, 2.000000, -10.000000
direction -0.573993, -0.059306, -0.816710
direction -0.579557, -0.062790, -0.812509
position 39.233212, 5.954605, 18.139332
target 0.000000, 2.000000, -10.000000
direction -0.614447, -0.062790, -0.786456
position 39.417545, 5.973442, 18.375269
target 0.000000, 2.000000, -10.000000
direction -0.630782, -0.062790, -0.773415
position 39.606781, 5.992279, 18.607294
target 0.000000, 2.000000, -10.000000
direction -0.633478, -0.062790, -0.771209
direction -0.634823, -0.062790, -0.770102
position 39.797230, 6.011116, 18.838326
target 0.000000, 2.000000, -10.000000
position 39.987679, 6.029953, 19.069357
target 0.000000, 2.000000, -10.000000
direction -0.636166, -0.062790, -0.768993
direction -0.634823, -0.062790, -0.770102
direction -0.633478, -0.062790, -0.771209
direction -0.632131, -0.062790, -0.772313
direction -0.630782, -0.062790, -0.773416
direction -0.628078, -0.062790, -0.775613
direction -0.621286, -0.062790, -0.781064
direction -0.611697, -0.062790, -0.788596
direction -0.607560, -0.062790, -0.791788
direction -0.592248, -0.062790, -0.803306
direction -0.576717, -0.062790, -0.814527
direction -0.552238, -0.064532, -0.831185
direction -0.519331, -0.080199, -0.850802
direction -0.510247, -0.083678, -0.855947
direction -0.467150, -0.099320, -0.878582
direction -0.423208, -0.109734, -0.899363
direction -0.391331, -0.114937, -0.913044
direction -0.389737, -0.114937, -0.913726
direction -0.390042, -0.107999, -0.914442
direction -0.393378, -0.104528, -0.913415
direction -0.400029, -0.097583, -0.911293
direction -0.403343, -0.094108, -0.910196
position 39.866676, 6.001720, 18.796297
target 0.000000, 2.000000, -10.000000
direction -0.413239, -0.083678, -0.906770
position 39.742706, 5.976617, 18.524265
target 0.000000, 2.000000, -10.000000
direction -0.436033, -0.059306, -0.897974
position 39.611897, 5.958825, 18.254873
target 0.000000, 2.000000, -10.000000
direction -0.459919, -0.034899, -0.887275
direction -0.467769, -0.026177, -0.883463
position 39.471565, 5.950972, 17.989834
target 0.000000, 2.000000, -10.000000
direction -0.490901, 0.003491, -0.871209
position 39.324295, 5.952019, 17.728472
target 0.000000, 2.000000, -10.000000
direction -0.531993, 0.057564, -0.844790
position 39.164696, 5.969288, 17.475035
target 0.000000, 2.000000, -10.000000
direction -0.559206, 0.101056, -0.822847
position 38.996933, 5.999605, 17.228180
target 0.000000, 2.000000, -10.000000
direction -0.582065, 0.139173, -0.801144
position 38.822315, 6.041357, 16.987837
target 0.000000, 2.000000, -10.000000
direction -0.591811, 0.154710, -0.791091
position 38.644772, 6.087770, 16.750509
target 0.000000, 2.000000, -10.000000
direction -0.601060, 0.171929, -0.780492
position 38.464455, 6.139349, 16.516361
target 0.000000, 2.000000, -10.000000
direction -0.609941, 0.189095, -0.769555
position 38.281471, 6.196077, 16.285496
target 0.000000, 2.000000, -10.000000
direction -0.617122, 0.206204, -0.759369
position 38.096336, 6.257938, 16.057686
target 0.000000, 2.000000, -10.000000
direction -0.621336, 0.223250, -0.751067
direction -0.622941, 0.230050, -0.747677
position 37.909454, 6.326953, 15.833383
target 0.000000, 2.000000, -10.000000
direction -0.628986, 0.263873, -0.731264
position 37.720760, 6.406116, 15.614003
target 0.000000, 2.000000, -10.000000
direction -0.642914, 0.295708, -0.706554
position 37.527885, 6.494828, 15.402037
target 0.000000, 2.000000, -10.000000
direction -0.656408, 0.322266, -0.682109
position 37.330963, 6.591507, 15.197404
target 0.000000, 2.000000, -10.000000
direction -0.671561, 0.358368, -0.648520
position 37.129494, 6.699018, 15.002848
target 0.000000, 2.000000, -10.000000
direction -0.676482, 0.364877, -0.639717
direction -0.685774, 0.374607, -0.624006
position 36.923763, 6.811400, 14.815646
target 0.000000, 2.000000, -10.000000
direction -0.689136, 0.377841, -0.618326
direction -0.701504, 0.385906, -0.599141
position 36.713314, 6.927172, 14.635904
target 0.000000, 2.000000, -10.000000
direction -0.704115, 0.387516, -0.595024
direction -0.710284, 0.390731, -0.585513
position 36.500229, 7.044391, 14.460251
target 0.000000, 2.000000, -10.000000
direction -0.711305, 0.390731, -0.584272
direction -0.712324, 0.390731, -0.583030
direction -0.715367, 0.390731, -0.579292
position 36.285618, 7.161611, 14.286463
target 0.000000, 2.000000, -10.000000
direction -0.719522, 0.381070, -0.580581
position 36.069763, 7.275932, 14.112288
target 0.000000, 2.000000, -10.000000
direction -0.725575, 0.361625, -0.585465
position 35.852089, 7.384419, 13.936649
target 0.000000, 2.000000, -10.000000
direction -0.727522, 0.355107, -0.587036
direction -0.734507, 0.330514, -0.592672
position 35.631737, 7.483574, 13.758848
target 0.000000, 2.000000, -10.000000
direction -0.744634, 0.290702, -0.600843
direction -0.752770, 0.253758, -0.607408
position 35.405907, 7.559701, 13.576626
target 0.000000, 2.000000, -10.000000
direction -0.760667, 0.211325, -0.613781
position 35.177708, 7.623099, 13.392491
target 0.000000, 2.000000, -10.000000
direction -0.763157, 0.195946, -0.615790
direction -0.767117, 0.168489, -0.618985
direction -0.771761, 0.128796, -0.622733
direction -0.775514, 0.083678, -0.625760
direction -0.777314, 0.048850, -0.627213
direction -0.778233, -0.005236, -0.627954
direction -0.778043, -0.022687, -0.627801
direction -0.775844, -0.078459, -0.626027
direction -0.772769, -0.118404, -0.623545
direction -0.769289, -0.151261, -0.620737
direction -0.766887, -0.170209, -0.618800
direction -0.767704, -0.194234, -0.610659
direction -0.767627, -0.207912, -0.606235
direction -0.767818, -0.213030, -0.604213
direction -0.767983, -0.218143, -0.602175
direction -0.770213, -0.223250, -0.597438
direction -0.771755, -0.231748, -0.592188
direction -0.772179, -0.240228, -0.588243
direction -0.772193, -0.245307, -0.586125
direction -0.771850, -0.246999, -0.585866
direction -0.771506, -0.248690, -0.585604
direction -0.771159, -0.250380, -0.585341
direction -0.770136, -0.250380, -0.586686
position 35.408749, 7.698213, 13.568497
target 0.000000, 2.000000, -10.000000
position 35.639790, 7.773326, 13.744502
target 0.000000, 2.000000, -10.000000
position 35.870831, 7.848440, 13.920507
target 0.000000, 2.000000, -10.000000
position 36.101871, 7.923554, 14.096513
target 0.000000, 2.000000, -10.000000
position 36.332912, 7.998668, 14.272518
target 0.000000, 2.000000, -10.000000
position 36.563953, 8.073782, 14.448524
target 0.000000, 2.000000, -10.000000
direction -0.768763, -0.252069, -0.587763
direction -0.768059, -0.255446, -0.587225
direction -0.772988, -0.265556, -0.576167
direction -0.784331, -0.272280, -0.557394
direction -0.809558, -0.284015, -0.513761
direction -0.824005, -0.289032, -0.487315
direction -0.831880, -0.294040, -0.470654
direction -0.834244, -0.297375, -0.464334
direction -0.835404, -0.299041, -0.461167
direction -0.835749, -0.300706, -0.459456
position 36.814678, 8.163994, 14.586360
target 0.000000, 2.000000, -10.000000
position 37.065403, 8.254206, 14.724196
target 0.000000, 2.000000, -10.000000
direction -0.835624, -0.304033, -0.457490
position 37.316090, 8.345416, 14.861444
target 0.000000, 2.000000, -10.000000
direction -0.837539, -0.305695, -0.452855
position 37.567352, 8.437124, 14.997300
target 0.000000, 2.000000, -10.000000
direction -0.845885, -0.309017, -0.434725
position 37.821117, 8.529829, 15.127718
target 0.000000, 2.000000, -10.000000
direction -0.852609, -0.309017, -0.421385
direction -0.868834, -0.309017, -0.386829
direction -0.895392, -0.309017, -0.320596
direction -0.931632, -0.309017, -0.191236
direction -0.952877, -0.297375, -0.059949
direction -0.957473, -0.273959, 0.090508
direction -0.950194, -0.263873, 0.165836
direction -0.948097, -0.263873, 0.177432
direction -0.943699, -0.270600, 0.190284
direction -0.938838, -0.275637, 0.206417
direction -0.933286, -0.280667, 0.224063
direction -0.928337, -0.282341, 0.241815
direction -0.914080, -0.272280, 0.300535
direction -0.890211, -0.257133, 0.376041
direction -0.870963, -0.233445, 0.432351
direction -0.866434, -0.218143, 0.449117
direction -0.866318, -0.214735, 0.450978
direction -0.865530, -0.214735, 0.452489
direction -0.863007, -0.211325, 0.458870
direction -0.862044, -0.207912, 0.462225
direction -0.861236, -0.207912, 0.463729
direction -0.860426, -0.207912, 0.465232
direction -0.859428, -0.204496, 0.468577
direction -0.857061, -0.199368, 0.475078
direction -0.854073, -0.192522, 0.483212
direction -0.850108, -0.185667, 0.492792
direction -0.846925, -0.183951, 0.498878
direction -0.843354, -0.178802, 0.506739
direction -0.840954, -0.177085, 0.511309
direction -0.839686, -0.173648, 0.514561
direction -0.838787, -0.173648, 0.516026
position 37.569481, 8.477735, 15.282526
target 0.000000, 2.000000, -10.000000
position 37.317844, 8.425640, 15.437334
target 0.000000, 2.000000, -10.000000
position 37.066208, 8.373546, 15.592142
target 0.000000, 2.000000, -10.000000
position 36.814571, 8.321451, 15.746950
target 0.000000, 2.000000, -10.000000
position 36.562935, 8.269357, 15.901758
target 0.000000, 2.000000, -10.000000
position 36.311298, 8.217262, 16.056566
target 0.000000, 2.000000, -10.000000
direction -0.838395, -0.170210, 0.517805
position 36.059780, 8.166200, 16.211908
target 0.000000, 2.000000, -10.000000
direction -0.839386, -0.163326, 0.518417
position 35.807964, 8.117202, 16.367434
target 0.000000, 2.000000, -10.000000
position 35.556149, 8.068204, 16.522959
target 0.000000, 2.000000, -10.000000
position 35.304333, 8.019206, 16.678484
target 0.000000, 2.000000, -10.000000
position 35.052517, 7.970208, 16.834009
target 0.000000, 2.000000, -10.000000
position 34.800701, 7.921210, 16.989534
target 0.000000, 2.000000, -10.000000
direction -0.843503, -0.152986, 0.514877
position 34.547649, 7.875315, 17.143997
target 0.000000, 2.000000, -10.000000
direction -0.848191, -0.151261, 0.507633
position 34.293194, 7.829937, 17.296288
target 0.000000, 2.000000, -10.000000
direction -0.856734, -0.146083, 0.494637
position 34.036175, 7.786111, 17.444679
target 0.000000, 2.000000, -10.000000
direction -0.864619, -0.144356, 0.481243
position 33.776791, 7.742805, 17.589052
target 0.000000, 2.000000, -10.000000
direction -0.868178, -0.142629, 0.475315
position 33.516338, 7.700016, 17.731647
target 0.000000, 2.000000, -10.000000
direction -0.872511, -0.140901, 0.467838
position 33.254585, 7.657746, 17.872000
target 0.000000, 2.000000, -10.000000
direction -0.883680, -0.140901, 0.446381
position 32.989483, 7.615476, 18.005915
target 0.000000, 2.000000, -10.000000
direction -0.907220, -0.140901, 0.396357
direction -0.913334, -0.140901, 0.382058
direction -0.936085, -0.140901, 0.322322
direction -0.956076, -0.139173, 0.257971
direction -0.974157, -0.135716, 0.180551
direction -0.980833, -0.132256, 0.143090
direction -0.984055, -0.130526, 0.120828
direction -0.985457, -0.130526, 0.108797
direction -0.988111, -0.130526, 0.081239
direction -0.990779, -0.130526, 0.036332
direction -0.991421, -0.130526, -0.006920
direction -0.990900, -0.130526, -0.032870
direction -0.987883, -0.132256, -0.081217
direction -0.985786, -0.132256, -0.103609
direction -0.984844, -0.132256, -0.112207
direction -0.984647, -0.132256, -0.113926
direction -0.982718, -0.135716, -0.125887
direction -0.980389, -0.140901, -0.137783
direction -0.980147, -0.140901, -0.139494
direction -0.976821, -0.146083, -0.156460
direction -0.970564, -0.158158, -0.181635
direction -0.960826, -0.168489, -0.220057
direction -0.944819, -0.178802, -0.274494
direction -0.911704, -0.185667, -0.366501
direction -0.876292, -0.185667, -0.444567
direction -0.813350, -0.199368, -0.546547
direction -0.736246, -0.206204, -0.644533
direction -0.674800, -0.206204, -0.708608
direction -0.598386, -0.206204, -0.774218
direction -0.539676, -0.209619, -0.815359
direction -0.517757, -0.213030, -0.828581
direction -0.452140, -0.218143, -0.864860
direction -0.398026, -0.223250, -0.889795
direction -0.377585, -0.224951, -0.898235
direction -0.356965, -0.226651, -0.906204
direction -0.337632, -0.230050, -0.912733
direction -0.318443, -0.230050, -0.919604
direction -0.299114, -0.230050, -0.926071
direction -0.271170, -0.235142, -0.933368
direction -0.251563, -0.235142, -0.938842
direction -0.241718, -0.235142, -0.941425
direction -0.240075, -0.235142, -0.941845
direction -0.241718, -0.235142, -0.941425
direction -0.246953, -0.230050, -0.941324
direction -0.250238, -0.230050, -0.940456
direction -0.252085, -0.226651, -0.940788
direction -0.257111, -0.224951, -0.939835
direction -0.267467, -0.216440, -0.938944
direction -0.277707, -0.209619, -0.937517
direction -0.286195, -0.204496, -0.936095
direction -0.287932, -0.202787, -0.935934
direction -0.266528, -0.204496, -0.941883
direction -0.194793, -0.213030, -0.957431
direction -0.132500, -0.216440, -0.967263
direction -0.034047, -0.219846, -0.974940
direction 0.052712, -0.223250, -0.973335
direction 0.127230, -0.223250, -0.966422
direction 0.194335, -0.223250, -0.955193
direction 0.214550, -0.218143, -0.952041
direction 0.218041, -0.214735, -0.952023
direction 0.221614, -0.209619, -0.952338
direction 0.223359, -0.207912, -0.952304
direction 0.225589, -0.195946, -0.954314
direction 0.231278, -0.180519, -0.955993
direction 0.240411, -0.161604, -0.957124
direction 0.244090, -0.152986, -0.957609
direction 0.251409, -0.135716, -0.958319
direction 0.255478, -0.113203, -0.960164
direction 0.259260, -0.097583, -0.960865
direction 0.259472, -0.088894, -0.961651
direction 0.259803, -0.073238, -0.962880
direction 0.251808, -0.045363, -0.966713
direction 0.241858, -0.022687, -0.970046
direction 0.224944, -0.006981, -0.974347
direction 0.201065, 0.010472, -0.979522
direction 0.177037, 0.022687, -0.983943
direction 0.159825, 0.026177, -0.986798
direction 0.137367, 0.033155, -0.989965
direction 0.156379, 0.026177, -0.987350
position 33.036396, 7.623329, 17.709709
target 0.000000, 2.000000, -10.000000
position 33.083309, 7.631182, 17.413504
target 0.000000, 2.000000, -10.000000
position 33.130222, 7.639035, 17.117298
target 0.000000, 2.000000, -10.000000
direction 0.152924, 0.027922, -0.987843
position 33.176098, 7.647411, 16.820946
target 0.000000, 2.000000, -10.000000
direction 0.146031, 0.026177, -0.988934
position 33.219906, 7.655264, 16.524265
target 0.000000, 2.000000, -10.000000
direction 0.128750, 0.026177, -0.991332
direction 0.118362, 0.026177, -0.992625
position 33.255413, 7.663117, 16.226479
target 0.000000, 2.000000, -10.000000
direction 0.073215, 0.024432, -0.997017
position 33.277378, 7.670447, 15.927374
target 0.000000, 2.000000, -10.000000
direction 0.019193, 0.015707, -0.999692
position 33.283134, 7.675159, 15.627466
target 0.000000, 2.000000, -10.000000
direction -0.047107, 0.008727, -0.998852
position 33.269001, 7.677777, 15.327810
target 0.000000, 2.000000, -10.000000
direction -0.158148, -0.012217, -0.987340
position 33.221558, 7.674112, 15.031609
target 0.000000, 2.000000, -10.000000
direction -0.323280, -0.062790, -0.944218
position 33.124573, 7.655275, 14.748343
target 0.000000, 2.000000, -10.000000
direction -0.394102, -0.085417, -0.915089
direction -0.445469, -0.101056, -0.889576
direction -0.484225, -0.121869, -0.866415
direction -0.515685, -0.142629, -0.844823
direction -0.565741, -0.178802, -0.804964
direction -0.599038, -0.201078, -0.775062
direction -0.654963, -0.230050, -0.719792
direction -0.695154, -0.257133, -0.671300
direction -0.724375, -0.280667, -0.629688
direction -0.745286, -0.292372, -0.599223
direction -0.751118, -0.294040, -0.591069
direction -0.753388, -0.297375, -0.586494
direction -0.754410, -0.297375, -0.585178
direction -0.754819, -0.295708, -0.585495
direction -0.755226, -0.294040, -0.585811
direction -0.755008, -0.290702, -0.587755
direction -0.753745, -0.287360, -0.591009
direction -0.753106, -0.285688, -0.592633
direction -0.752194, -0.280667, -0.596180
direction -0.748841, -0.272280, -0.604236
direction -0.741371, -0.257133, -0.619880
direction -0.732293, -0.241922, -0.636570
direction -0.724050, -0.231748, -0.649650
direction -0.723511, -0.228351, -0.651450
direction -0.722373, -0.228351, -0.652712
direction -0.718092, -0.226651, -0.658007
direction -0.715790, -0.226651, -0.660510
direction -0.714636, -0.226651, -0.661758
direction -0.713480, -0.226651, -0.663005
direction -0.709999, -0.226651, -0.666731
direction -0.700621, -0.226651, -0.676579
direction -0.699439, -0.226651, -0.677801
direction -0.697068, -0.226651, -0.680239
